79631166161
79626511162
78988888888
79287090074
79640334110
79054350019
79064833348
79287082303
79626493904
78001003282
79691666686
79289159163
79298350163
79604296573
79386922667
78662962444
79969161793
79887200203
79034556464
79854372244
79386920269
79633914421
79386924345
79667920002
79640390039
79889300196
78928709948
79654963000
79604253878
79889255853
79094901555
79287143555
79897083553
79887237819
78662973031
78662420581
79287178500
78662771604
79889347668
79631698003
79094907790
79380804966
79887251586
79993939222
79287117033
79604228904
79034963079
79652820002
70983316454
79262671982
79126804180
79993099715
79997200721
79283065127
79389156940
79897413242
79645550066
79287144711
79156049028
79064831203
79604238095
79995769032
79280807004
79604951392
79887292947
79677270009
79289256883
79034969945
79034901934
79226082422
79280830228
79643984171
79640419950
79287124411
79674280740
79640344767
79287043837
79094911111
79685236007
79654979335
79631656332
79020103007
79034938688
79685459606
79286910385
79187298284
79626520232
79386906631
79386902264
79631652002
79689258992
79674111116
79995554411
79640380407
79054360623
79034954277
79054356700
79380799947
79289134435
79622671771
79604306545
79389170349
79633916941
79064845291
79636333778
79654956984
79286901665
79287049777
79289126096
79887247777
79969178639
79640344489
79674214376
79386911967
79674294070
79287130222
79640308917
79287203454
79280658722
79633942649
79640341034
79686500700
79295410767
79287117575
79187266062
79064844540
79826192322
79227470707
79640342640
79633923416
79099191777
79674172022
79064843458
79633050000
79627505871
79889276990
79280794030
79280814008
79674276707
79640353364
79289127977
79640357799
79090368160
79154841162
79887280269
79604242926
79674169988
79604318767
79200317007
79287185669
79007770077
79280000095
79054363795
79250450565
79640360694
79640399091
79187243001
79064844548
79280776767
79604306363
79888686727
79287086961
79944447000
79280800391
79287162971
79674229990
79604236347
79633902120
79944449004
79674200159
79011727300
79887237202
79054358644
79280822913
79674141779
79287122021
79010000001
79858590257
79287195199
79287155102
79286912000
